   145.000000       1.00000000      = l, b
    d       x       y       z       ne      dsm    arm  cl void
  0.005   0.003   8.504   0.000   0.0050  0.250E-06 5    0  0
  0.015   0.009   8.512   0.000   0.0050  0.250E-06 5    0  0
  0.025   0.014   8.520   0.000   0.0050  0.250E-06 5    0  0
  0.035   0.020   8.529   0.001   0.0050  0.250E-06 5    0  0
  0.045   0.026   8.537   0.001   0.0050  0.250E-06 5    0  0
  0.055   0.032   8.545   0.001   0.0050  0.250E-06 5    0  0
  0.065   0.037   8.553   0.001   0.0160  0.256E-05 5    0  0
  0.075   0.043   8.561   0.001   0.0160  0.256E-05 5    0  0
  0.085   0.049   8.570   0.001   0.0160  0.256E-05 5    0  0
  0.095   0.054   8.578   0.002   0.0160  0.256E-05 5    0  0
  0.105   0.060   8.586   0.002   0.0160  0.256E-05 5    0  0
  0.115   0.066   8.594   0.002   0.0120  0.144E-04 5    0  0
  0.125   0.072   8.602   0.002   0.0120  0.144E-04 5    0  0
  0.135   0.077   8.611   0.002   0.0120  0.144E-04 5    0  0
  0.145   0.083   8.619   0.003   0.0120  0.144E-04 5    0  0
  0.155   0.089   8.627   0.003   0.0120  0.144E-04 5    0  0
  0.165   0.095   8.635   0.003   0.0120  0.144E-04 5    0  0
  0.175   0.100   8.643   0.003   0.0120  0.144E-04 5    0  0
  0.185   0.106   8.652   0.003   0.0120  0.144E-04 5    0  0
  0.195   0.112   8.660   0.003   0.0120  0.144E-04 5    0  0
  0.205   0.118   8.668   0.004   0.0120  0.144E-04 5    0  0
  0.215   0.123   8.676   0.004   0.0120  0.144E-04 5    0  0
  0.225   0.129   8.684   0.004   0.0120  0.144E-04 5    0  0
  0.235   0.135   8.692   0.004   0.0120  0.144E-04 5    0  0
  0.245   0.141   8.701   0.004   0.0120  0.144E-04 5    0  0
  0.255   0.146   8.709   0.004   0.0120  0.144E-04 5    0  0
  0.265   0.152   8.717   0.005   0.0120  0.144E-04 5    0  0
  0.275   0.158   8.725   0.005   0.0120  0.144E-04 5    0  0
  0.285   0.163   8.733   0.005   0.0120  0.144E-04 5    0  0
  0.295   0.169   8.742   0.005   0.0120  0.144E-04 5    0  0
  0.305   0.175   8.750   0.005   0.0120  0.144E-04 5    0  0
  0.315   0.181   8.758   0.005   0.0120  0.144E-04 5    0  0
  0.325   0.186   8.766   0.006   0.0120  0.144E-04 5    0  0
  0.335   0.192   8.774   0.006   0.0120  0.144E-04 5    0  0
  0.345   0.198   8.783   0.006   0.0120  0.144E-04 5    0  0
  0.355   0.204   8.791   0.006   0.0120  0.144E-04 5    0  0
  0.365   0.209   8.799   0.006   0.0120  0.144E-04 5    0  0
  0.375   0.215   8.807   0.007   0.0120  0.144E-04 5    0  0
  0.385   0.221   8.815   0.007   0.0120  0.144E-04 5    0  0
  0.395   0.227   8.824   0.007   0.0120  0.144E-04 5    0  0
  0.405   0.232   8.832   0.007   0.0120  0.144E-04 5    0  0
  0.415   0.238   8.840   0.007   0.0120  0.144E-04 5    0  0
  0.425   0.244   8.848   0.007   0.0120  0.144E-04 5    0  0
  0.435   0.249   8.856   0.008   0.0120  0.144E-04 5    0  0
  0.445   0.255   8.864   0.008   0.0120  0.144E-04 5    0  0
  0.455   0.261   8.873   0.008   0.0120  0.144E-04 5    0  0
  0.465   0.267   8.881   0.008   0.0120  0.144E-04 5    0  0
  0.475   0.272   8.889   0.008   0.0120  0.144E-04 5    0  0
  0.485   0.278   8.897   0.008   0.0120  0.144E-04 5    0  0
  0.495   0.284   8.905   0.009   0.0120  0.144E-04 5    0  0
  0.505   0.290   8.914   0.009   0.0120  0.144E-04 5    0  0
  0.515   0.295   8.922   0.009   0.0120  0.144E-04 5    0  0
  0.525   0.301   8.930   0.009   0.0396  0.429E-03 5    0  0
  0.535   0.307   8.938   0.009   0.0415  0.426E-03 5  174  0
  0.545   0.313   8.946   0.010   0.0413  0.424E-03 5  174  0
  0.555   0.318   8.955   0.010   0.0394  0.422E-03 5    0  0
  0.565   0.324   8.963   0.010   0.0394  0.419E-03 5    0  0
  0.575   0.330   8.971   0.010   0.0393  0.416E-03 5    0  0
  0.585   0.335   8.979   0.010   0.0393  0.413E-03 5    0  0
  0.595   0.341   8.987   0.010   0.0392  0.410E-03 5    0  0
  0.605   0.347   8.996   0.011   0.0391  0.407E-03 5    0  0
  0.615   0.353   9.004   0.011   0.0390  0.403E-03 5    0  0
  0.625   0.358   9.012   0.011   0.0390  0.400E-03 5    0  0
  0.635   0.364   9.020   0.011   0.0389  0.396E-03 5    0  0
  0.645   0.370   9.028   0.011   0.0388  0.392E-03 5    0  0
  0.655   0.376   9.036   0.011   0.0387  0.388E-03 5    0  0
  0.665   0.381   9.045   0.012   0.0386  0.384E-03 5    0  0
  0.675   0.387   9.053   0.012   0.0386  0.380E-03 5    0  0
  0.685   0.393   9.061   0.012   0.0385  0.376E-03 5    0  0
  0.695   0.399   9.069   0.012   0.0384  0.372E-03 5    0  0
  0.705   0.404   9.077   0.012   0.0383  0.368E-03 5    0  0
  0.715   0.410   9.086   0.012   0.0382  0.364E-03 5    0  0
  0.725   0.416   9.094   0.013   0.0381  0.359E-03 5    0  0
  0.735   0.422   9.102   0.013   0.0380  0.355E-03 5    0  0
  0.745   0.427   9.110   0.013   0.0379  0.351E-03 5    0  0
  0.755   0.433   9.118   0.013   0.0378  0.346E-03 5    0  0
  0.765   0.439   9.127   0.013   0.0377  0.342E-03 5    0  0
  0.775   0.444   9.135   0.014   0.0376  0.338E-03 5    0  0
  0.785   0.450   9.143   0.014   0.0375  0.333E-03 5    0  0
  0.795   0.456   9.151   0.014   0.0374  0.329E-03 5    0  0
  0.805   0.462   9.159   0.014   0.0373  0.325E-03 5    0  0
  0.815   0.467   9.168   0.014   0.0372  0.321E-03 5    0  0
  0.825   0.473   9.176   0.014   0.0371  0.316E-03 5    0  0
  0.835   0.479   9.184   0.015   0.0370  0.312E-03 5    0  0
  0.845   0.485   9.192   0.015   0.0369  0.308E-03 5    0  0
  0.855   0.490   9.200   0.015   0.0368  0.304E-03 5    0  0
  0.865   0.496   9.208   0.015   0.0367  0.300E-03 5    0  0
  0.875   0.502   9.217   0.015   0.0366  0.296E-03 5    0  0
  0.885   0.508   9.225   0.015   0.0365  0.293E-03 5    0  0
  0.895   0.513   9.233   0.016   0.0364  0.289E-03 5    0  0
  0.905   0.519   9.241   0.016   0.0363  0.285E-03 5    0  0
  0.915   0.525   9.249   0.016   0.0362  0.282E-03 5    0  0
  0.925   0.530   9.258   0.016   0.0361  0.278E-03 5    0  0
  0.935   0.536   9.266   0.016   0.0360  0.275E-03 5    0  0
  0.945   0.542   9.274   0.016   0.0359  0.272E-03 5    0  0
  0.955   0.548   9.282   0.017   0.0358  0.269E-03 5    0  0
  0.965   0.553   9.290   0.017   0.0357  0.266E-03 5    0  0
  0.975   0.559   9.299   0.017   0.0356  0.263E-03 5    0  0
  0.985   0.565   9.307   0.017   0.0356  0.260E-03 5    0  0
  0.995   0.571   9.315   0.017   0.0355  0.258E-03 5    0  0
  1.005   0.576   9.323   0.018   0.0354  0.255E-03 5    0  0
  1.015   0.582   9.331   0.018   0.0353  0.253E-03 5    0  0
  1.025   0.588   9.340   0.018   0.0352  0.250E-03 5    0  0
  1.035   0.594   9.348   0.018   0.0352  0.248E-03 5    0  0
  1.045   0.599   9.356   0.018   0.0351  0.246E-03 5    0  0
  1.055   0.605   9.364   0.018   0.0350  0.245E-03 5    0  0
  1.065   0.611   9.372   0.019   0.0350  0.243E-03 5    0  0
  1.075   0.617   9.380   0.019   0.0349  0.241E-03 5    0  0
  1.085   0.622   9.389   0.019   0.0348  0.240E-03 5    0  0
  1.095   0.628   9.397   0.019   0.0348  0.239E-03 5    0  0
  1.105   0.634   9.405   0.019   0.0347  0.238E-03 5    0  0
  1.115   0.639   9.413   0.019   0.0347  0.237E-03 5    0  0
  1.125   0.645   9.421   0.020   0.0346  0.236E-03 5    0  0
  1.135   0.651   9.430   0.020   0.0346  0.235E-03 5    0  0
  1.145   0.657   9.438   0.020   0.0346  0.235E-03 5    0  0
  1.155   0.662   9.446   0.020   0.0346  0.235E-03 5    0  0
  1.165   0.668   9.454   0.020   0.0345  0.235E-03 5    0  0
  1.175   0.674   9.462   0.021   0.0345  0.235E-03 5    0  0
  1.185   0.680   9.471   0.021   0.0345  0.235E-03 5    0  0
  1.195   0.685   9.479   0.021   0.0345  0.236E-03 5    0  0
  1.205   0.691   9.487   0.021   0.0345  0.237E-03 5    0  0
  1.215   0.697   9.495   0.021   0.0345  0.238E-03 5    0  0
  1.225   0.703   9.503   0.021   0.0345  0.239E-03 5    0  0
  1.235   0.708   9.511   0.022   0.0346  0.240E-03 5    0  0
  1.245   0.714   9.520   0.022   0.0346  0.242E-03 5    0  0
  1.255   0.720   9.528   0.022   0.0346  0.244E-03 5    0  0
  1.265   0.725   9.536   0.022   0.0347  0.247E-03 5    0  0
  1.275   0.731   9.544   0.022   0.0347  0.250E-03 5    0  0
  1.285   0.737   9.552   0.022   0.0348  0.253E-03 5    0  0
  1.295   0.743   9.561   0.023   0.0348  0.257E-03 4    0  0
  1.305   0.748   9.569   0.023   0.0349  0.261E-03 4    0  0
  1.315   0.754   9.577   0.023   0.0350  0.265E-03 4    0  0
  1.325   0.760   9.585   0.023   0.0351  0.270E-03 4    0  0
  1.335   0.766   9.593   0.023   0.0352  0.275E-03 4    0  0
  1.345   0.771   9.602   0.023   0.0353  0.282E-03 4    0  0
  1.355   0.777   9.610   0.024   0.0354  0.288E-03 4    0  0
  1.365   0.783   9.618   0.024   0.0355  0.296E-03 4    0  0
  1.375   0.789   9.626   0.024   0.0357  0.304E-03 4    0  0
  1.385   0.794   9.634   0.024   0.0358  0.312E-03 4    0  0
  1.395   0.800   9.643   0.024   0.0360  0.322E-03 4    0  0
  1.405   0.806   9.651   0.025   0.0361  0.332E-03 4    0  0
  1.415   0.811   9.659   0.025   0.0363  0.344E-03 4    0  0
  1.425   0.817   9.667   0.025   0.0365  0.356E-03 4    0  0
  1.435   0.823   9.675   0.025   0.0367  0.369E-03 4    0  0
  1.445   0.829   9.683   0.025   0.0369  0.384E-03 4    0  0
  1.455   0.834   9.692   0.025   0.0371  0.399E-03 4    0  0
  1.465   0.840   9.700   0.026   0.0373  0.416E-03 4    0  0
  1.475   0.846   9.708   0.026   0.0375  0.434E-03 4    0  0
  1.485   0.852   9.716   0.026   0.0378  0.454E-03 4    0  0
  1.495   0.857   9.724   0.026   0.0380  0.475E-03 4    0  0
  1.505   0.863   9.733   0.026   0.0383  0.497E-03 4    0  0
  1.515   0.869   9.741   0.026   0.0385  0.521E-03 4    0  0
  1.525   0.875   9.749   0.027   0.0388  0.547E-03 4    0  0
  1.535   0.880   9.757   0.027   0.0391  0.574E-03 4    0  0
  1.545   0.886   9.765   0.027   0.0394  0.603E-03 4    0  0
  1.555   0.892   9.774   0.027   0.0397  0.634E-03 4    0  0
  1.565   0.898   9.782   0.027   0.0400  0.667E-03 4    0  0
  1.575   0.903   9.790   0.027   0.0403  0.702E-03 4    0  0
  1.585   0.909   9.798   0.028   0.0406  0.739E-03 4    0  0
  1.595   0.915   9.806   0.028   0.0409  0.778E-03 4    0  0
  1.605   0.920   9.815   0.028   0.0413  0.819E-03 4    0  0
  1.615   0.926   9.823   0.028   0.0416  0.862E-03 4    0  0
  1.625   0.932   9.831   0.028   0.0420  0.907E-03 4    0  0
  1.635   0.938   9.839   0.029   0.0423  0.955E-03 4    0  0
  1.645   0.943   9.847   0.029   0.0427  0.100E-02 4    0  0
  1.655   0.949   9.855   0.029   0.0431  0.106E-02 4    0  0
  1.665   0.955   9.864   0.029   0.0434  0.111E-02 4    0  0
  1.675   0.961   9.872   0.029   0.0438  0.117E-02 4    0  0
  1.685   0.966   9.880   0.029   0.0442  0.123E-02 4    0  0
  1.695   0.972   9.888   0.030   0.0446  0.129E-02 4    0  0
  1.705   0.978   9.896   0.030   0.0450  0.135E-02 4    0  0
  1.715   0.984   9.905   0.030   0.0453  0.142E-02 4    0  0
  1.725   0.989   9.913   0.030   0.0457  0.148E-02 4    0  0
  1.735   0.995   9.921   0.030   0.0461  0.155E-02 4    0  0
  1.745   1.001   9.929   0.030   0.0465  0.163E-02 4    0  0
  1.755   1.006   9.937   0.031   0.0469  0.170E-02 4    0  0
  1.765   1.012   9.946   0.031   0.0473  0.178E-02 4    0  0
  1.775   1.018   9.954   0.031   0.0477  0.185E-02 4    0  0
  1.785   1.024   9.962   0.031   0.0481  0.193E-02 4    0  0
  1.795   1.029   9.970   0.031   0.0485  0.201E-02 4    0  0
  1.805   1.035   9.978   0.032   0.0489  0.209E-02 4    0  0
  1.815   1.041   9.987   0.032   0.0493  0.217E-02 4    0  0
  1.825   1.047   9.995   0.032   0.0497  0.226E-02 4    0  0
  1.835   1.052  10.003   0.032   0.0500  0.234E-02 4    0  0
  1.845   1.058  10.011   0.032   0.0504  0.243E-02 4    0  0
  1.855   1.064  10.019   0.032   0.0508  0.251E-02 4    0  0
  1.865   1.070  10.027   0.033   0.0511  0.259E-02 4    0  0
  1.875   1.075  10.036   0.033   0.0515  0.268E-02 4    0  0
  1.885   1.081  10.044   0.033   0.0518  0.276E-02 4    0  0
  1.895   1.087  10.052   0.033   0.0522  0.284E-02 4    0  0
  1.905   1.092  10.060   0.033   0.0525  0.293E-02 4    0  0
  1.915   1.098  10.068   0.033   0.0528  0.301E-02 4    0  0
  1.925   1.104  10.077   0.034   0.0531  0.309E-02 4    0  0
  1.935   1.110  10.085   0.034   0.0534  0.316E-02 4    0  0
  1.945   1.115  10.093   0.034   0.0537  0.324E-02 4    0  0
  1.955   1.121  10.101   0.034   0.0539  0.331E-02 4    0  0
  1.965   1.127  10.109   0.034   0.0542  0.338E-02 4    0  0
  1.975   1.133  10.118   0.034   0.0544  0.345E-02 4    0  0
  1.985   1.138  10.126   0.035   0.0546  0.351E-02 4    0  0
  1.995   1.144  10.134   0.035   0.0548  0.357E-02 4    0  0
  2.005   1.150  10.142   0.035   0.0550  0.363E-02 4    0  0
  2.015   1.156  10.150   0.035   0.0552  0.369E-02 4    0  0
  2.025   1.161  10.159   0.035   0.0554  0.374E-02 4    0  0
  2.035   1.167  10.167   0.036   0.0555  0.378E-02 4    0  0
  2.045   1.173  10.175   0.036   0.0556  0.382E-02 4    0  0
  2.055   1.179  10.183   0.036   0.0557  0.386E-02 4    0  0
  2.065   1.184  10.191   0.036   0.0558  0.389E-02 4    0  0
  2.075   1.190  10.199   0.036   0.0559  0.392E-02 4    0  0
  2.085   1.196  10.208   0.036   0.0559  0.394E-02 4    0  0
  2.095   1.201  10.216   0.037   0.0560  0.396E-02 4    0  0
  2.105   1.207  10.224   0.037   0.0560  0.397E-02 4    0  0
  2.115   1.213  10.232   0.037   0.0560  0.398E-02 4    0  0
  2.125   1.219  10.240   0.037   0.0560  0.398E-02 4    0  0
  2.135   1.224  10.249   0.037   0.0559  0.398E-02 4    0  0
  2.145   1.230  10.257   0.037   0.0559  0.397E-02 4    0  0
  2.155   1.236  10.265   0.038   0.0558  0.395E-02 4    0  0
  2.165   1.242  10.273   0.038   0.0557  0.393E-02 4    0  0
  2.175   1.247  10.281   0.038   0.0556  0.391E-02 4    0  0
  2.185   1.253  10.290   0.038   0.0554  0.388E-02 4    0  0
  2.195   1.259  10.298   0.038   0.0553  0.385E-02 4    0  0
  2.205   1.265  10.306   0.038   0.0551  0.381E-02 4    0  0
  2.215   1.270  10.314   0.039   0.0549  0.377E-02 4    0  0
  2.225   1.276  10.322   0.039   0.0547  0.372E-02 4    0  0
  2.235   1.282  10.331   0.039   0.0545  0.367E-02 4    0  0
  2.245   1.287  10.339   0.039   0.0543  0.362E-02 4    0  0
  2.255   1.293  10.347   0.039   0.0540  0.356E-02 4    0  0
  2.265   1.299  10.355   0.040   0.0537  0.349E-02 4    0  0
  2.275   1.305  10.363   0.040   0.0535  0.343E-02 4    0  0
  2.285   1.310  10.371   0.040   0.0532  0.336E-02 4    0  0
  2.295   1.316  10.380   0.040   0.0528  0.329E-02 4    0  0
  2.305   1.322  10.388   0.040   0.0525  0.321E-02 4    0  0
  2.315   1.328  10.396   0.040   0.0522  0.314E-02 4    0  0
  2.325   1.333  10.404   0.041   0.0518  0.306E-02 4    0  0
  2.335   1.339  10.412   0.041   0.0515  0.298E-02 4    0  0
  2.345   1.345  10.421   0.041   0.0511  0.290E-02 4    0  0
  2.355   1.351  10.429   0.041   0.0507  0.281E-02 4    0  0
  2.365   1.356  10.437   0.041   0.0503  0.273E-02 4    0  0
  2.375   1.362  10.445   0.041   0.0499  0.264E-02 4    0  0
  2.385   1.368  10.453   0.042   0.0495  0.255E-02 4    0  0
  2.395   1.374  10.462   0.042   0.0490  0.247E-02 4    0  0
  2.405   1.379  10.470   0.042   0.0486  0.238E-02 4    0  0
  2.415   1.385  10.478   0.042   0.0482  0.229E-02 4    0  0
  2.425   1.391  10.486   0.042   0.0477  0.221E-02 4    0  0
  2.435   1.396  10.494   0.042   0.0472  0.212E-02 4    0  0
  2.445   1.402  10.503   0.043   0.0468  0.203E-02 4    0  0
  2.455   1.408  10.511   0.043   0.0463  0.195E-02 4    0  0
  2.465   1.414  10.519   0.043   0.0458  0.187E-02 4    0  0
  2.475   1.419  10.527   0.043   0.0454  0.178E-02 4    0  0
  2.485   1.425  10.535   0.043   0.0449  0.170E-02 4    0  0
  2.495   1.431  10.543   0.044   0.0444  0.163E-02 4    0  0
  2.505   1.437  10.552   0.044   0.0439  0.155E-02 4    0  0
  2.515   1.442  10.560   0.044   0.0435  0.147E-02 4    0  0
  2.525   1.448  10.568   0.044   0.0430  0.140E-02 4    0  0
  2.535   1.454  10.576   0.044   0.0425  0.133E-02 4    0  0
  2.545   1.460  10.584   0.044   0.0420  0.126E-02 4    0  0
  2.555   1.465  10.593   0.045   0.0415  0.120E-02 4    0  0
  2.565   1.471  10.601   0.045   0.0411  0.113E-02 4    0  0
  2.575   1.477  10.609   0.045   0.0406  0.107E-02 4    0  0
  2.585   1.482  10.617   0.045   0.0401  0.101E-02 4    0  0
  2.595   1.488  10.625   0.045   0.0397  0.957E-03 4    0  0
  2.605   1.494  10.634   0.045   0.0392  0.903E-03 4    0  0
  2.615   1.500  10.642   0.046   0.0388  0.852E-03 4    0  0
  2.625   1.505  10.650   0.046   0.0383  0.802E-03 4    0  0
  2.635   1.511  10.658   0.046   0.0379  0.756E-03 4    0  0
  2.645   1.517  10.666   0.046   0.0375  0.711E-03 4    0  0
  2.655   1.523  10.675   0.046   0.0370  0.669E-03 4    0  0
  2.665   1.528  10.683   0.047   0.0366  0.630E-03 4    0  0
  2.675   1.534  10.691   0.047   0.0362  0.592E-03 4    0  0
  2.685   1.540  10.699   0.047   0.0358  0.556E-03 4    0  0
  2.695   1.546  10.707   0.047   0.0354  0.523E-03 4    0  0
  2.705   1.551  10.715   0.047   0.0350  0.492E-03 4    0  0
